Artificial Bee Colony Algorithm 
 
iteration number 1: 
best bee => data: [0. 0. 1. 0. 0. 0. 1. 1. 1. 1. 1. 1. 0. 1. 1. 1. 1. 1. 1. 1. 1. 0. 0. 0.
 1. 1. 1. 1. 1. 1. 1. 1. 0. 0. 0. 0. 1. 1. 0. 1. 1. 1. 1. 0. 0. 0. 1. 0.
 1. 1.], fitness: 15397.0
best fitness so far: 15397.0
Execution time of iteration: 13.35954236984253 seconds
 
iteration number 2: 
best bee => data: [0. 0. 1. 0. 0. 0. 1. 1. 1. 1. 1. 1. 0. 1. 1. 1. 1. 1. 1. 1. 1. 0. 0. 0.
 1. 1. 1. 1. 1. 1. 1. 1. 0. 0. 0. 0. 1. 1. 0. 1. 1. 1. 1. 0. 0. 0. 1. 0.
 1. 1.], fitness: 15397.0
best fitness so far: 15397.0
Execution time of iteration: 1.4289169311523438 seconds
 
iteration number 3: 
best bee => data: [0.0, 1.0, 1.0, 1.0, 0.0, 0.0, 1.0, 0.0, 0.0, 0, 0.0, 1.0, 0.0, 1.0, 1.0, 1.0, 1.0, 1, 1.0, 1.0, 0.0, 1.0, 0.0, 0.0, 0.0, 1.0, 1.0, 1.0, 1.0, 0.0, 0.0, 1.0, 0.0, 1.0, 1.0, 0.0, 1.0, 1.0, 0.0, 0.0, 1.0, 1.0, 1.0, 0.0, 1.0, 0.0, 1.0, 1.0, 1.0, 0.0], fitness: 15507.0
best fitness so far: 15507.0
Execution time of iteration: 1.3715336322784424 seconds
 
iteration number 4: 
best bee => data: [0.0, 1.0, 0, 1.0, 0.0, 1.0, 1.0, 0.0, 0.0, 0.0, 1.0, 0.0, 0.0, 1.0, 1.0, 1.0, 1.0, 0.0, 1.0, 0.0, 0.0, 0.0, 1.0, 1.0, 0.0, 0.0, 1.0, 0.0, 0.0, 0.0, 0.0, 1.0, 0.0, 0.0, 0.0, 0.0, 1.0, 0.0, 1.0, 1, 1.0, 1.0, 1.0, 0.0, 1.0, 0.0, 1.0, 0.0, 1.0, 1.0], fitness: 15958.0
best fitness so far: 15958.0
Execution time of iteration: 1.628255844116211 seconds
 
iteration number 5: 
best bee => data: [0.0, 1.0, 0, 1.0, 0.0, 1.0, 1.0, 0.0, 0.0, 0.0, 1.0, 0.0, 0.0, 1.0, 1.0, 1.0, 1.0, 0.0, 1.0, 0.0, 0.0, 0.0, 1.0, 1.0, 0.0, 0.0, 1.0, 0.0, 0.0, 0.0, 0.0, 1.0, 0.0, 0.0, 0.0, 0.0, 1.0, 0.0, 1.0, 1, 1.0, 1.0, 1.0, 0.0, 1.0, 0.0, 1.0, 0.0, 1.0, 1.0], fitness: 15958.0
best fitness so far: 15958.0
Execution time of iteration: 1.5401232242584229 seconds
 
iteration number 6: 
best bee => data: [0.0, 1.0, 0, 1.0, 0.0, 1.0, 1.0, 0.0, 0.0, 0.0, 1.0, 0.0, 0.0, 1.0, 1.0, 1.0, 1.0, 0.0, 1.0, 0.0, 0.0, 0.0, 1.0, 1.0, 0.0, 0.0, 1.0, 0.0, 0.0, 0.0, 0.0, 1.0, 0.0, 0.0, 0.0, 0.0, 1.0, 0.0, 1.0, 1, 1.0, 1.0, 1.0, 0.0, 1.0, 0.0, 1.0, 0.0, 1.0, 1.0], fitness: 15958.0
best fitness so far: 15958.0
Execution time of iteration: 1.723987102508545 seconds
 
iteration number 7: 
best bee => data: [0.0, 1.0, 0, 1.0, 0.0, 1.0, 1.0, 0.0, 0.0, 0.0, 1.0, 0.0, 0.0, 1.0, 1.0, 1.0, 1.0, 0.0, 1.0, 0.0, 0.0, 0.0, 1.0, 1.0, 0.0, 0.0, 1.0, 0.0, 0.0, 0.0, 0.0, 1.0, 0.0, 0.0, 0.0, 0.0, 1.0, 0.0, 1.0, 1, 1.0, 1.0, 1.0, 0.0, 1.0, 0.0, 1.0, 0.0, 1.0, 1.0], fitness: 15958.0
best fitness so far: 15958.0
Execution time of iteration: 1.843503475189209 seconds
 
iteration number 8: 
best bee => data: [0.0, 1.0, 0, 1.0, 0.0, 1.0, 1.0, 0.0, 0.0, 0.0, 1.0, 0.0, 0.0, 1.0, 1.0, 1.0, 1.0, 0.0, 1.0, 0.0, 0.0, 0.0, 1.0, 1.0, 0.0, 0.0, 1.0, 0.0, 0.0, 0.0, 0.0, 1.0, 0.0, 0.0, 0.0, 0.0, 1.0, 0.0, 1.0, 1, 1.0, 1.0, 1.0, 0.0, 1.0, 0.0, 1.0, 0.0, 1.0, 1.0], fitness: 15958.0
best fitness so far: 15958.0
Execution time of iteration: 1.9288756847381592 seconds
 
iteration number 9: 
best bee => data: [0.0, 1.0, 0, 1.0, 0.0, 1.0, 1.0, 0.0, 0.0, 0.0, 1.0, 0.0, 0.0, 1.0, 1.0, 1.0, 1.0, 0.0, 1.0, 0.0, 0.0, 0.0, 1.0, 1.0, 0.0, 0.0, 1.0, 0.0, 0.0, 0.0, 0.0, 1.0, 0.0, 0.0, 0.0, 0.0, 1.0, 0.0, 1.0, 1, 1.0, 1.0, 1.0, 0.0, 1.0, 0.0, 1.0, 0.0, 1.0, 1.0], fitness: 15958.0
best fitness so far: 15958.0
Execution time of iteration: 1.4997177124023438 seconds
 
iteration number 10: 
best bee => data: [0.0, 1.0, 0, 1.0, 0.0, 1.0, 1.0, 0.0, 0.0, 0.0, 1.0, 0.0, 0.0, 1.0, 1.0, 1.0, 1.0, 0.0, 1.0, 0.0, 0.0, 0.0, 1.0, 1.0, 0.0, 0.0, 1.0, 0.0, 0.0, 0.0, 0.0, 1.0, 0.0, 0.0, 0.0, 0.0, 1.0, 0.0, 1.0, 1, 1.0, 1.0, 1.0, 0.0, 1.0, 0.0, 1.0, 0.0, 1.0, 1.0], fitness: 15958.0
best fitness so far: 15958.0
Execution time of iteration: 1.3323814868927002 seconds
 
iteration number 11: 
best bee => data: [0.0, 1.0, 0, 1.0, 0.0, 1.0, 1.0, 0.0, 0.0, 0.0, 1.0, 0.0, 0.0, 1.0, 1.0, 1.0, 1.0, 0.0, 1.0, 0.0, 0.0, 0.0, 1.0, 1.0, 0.0, 0.0, 1.0, 0.0, 0.0, 0.0, 0.0, 1.0, 0.0, 0.0, 0.0, 0.0, 1.0, 0.0, 1.0, 1, 1.0, 1.0, 1.0, 0.0, 1.0, 0.0, 1.0, 0.0, 1.0, 1.0], fitness: 15958.0
best fitness so far: 15958.0
Execution time of iteration: 1.628359317779541 seconds
 
iteration number 12: 
best bee => data: [0.0, 0.0, 0, 0.0, 0.0, 1.0, 0, 1, 1, 1, 1.0, 0.0, 1.0, 1.0, 1.0, 1.0, 1.0, 0.0, 0.0, 0.0, 0.0, 1.0, 1, 0.0, 1.0, 1.0, 1.0, 0.0, 1.0, 1, 0, 1.0, 1.0, 1.0, 1.0, 1.0, 1.0, 0.0, 1.0, 1.0, 1.0, 1.0, 1.0, 1.0, 0.0, 0.0, 1.0, 1.0, 1.0, 1.0], fitness: 15992.0
best fitness so far: 15992.0
Execution time of iteration: 1.9607367515563965 seconds
 
iteration number 13: 
best bee => data: [0.0, 0.0, 0, 0.0, 0.0, 1.0, 0, 1, 1, 1, 1.0, 0.0, 1.0, 1.0, 1.0, 1.0, 1.0, 0.0, 0.0, 0.0, 0.0, 1.0, 1, 0.0, 1.0, 1.0, 1.0, 0.0, 1.0, 1, 0, 1.0, 1.0, 1.0, 1.0, 1.0, 1.0, 0.0, 1.0, 1.0, 1.0, 1.0, 1.0, 1.0, 0.0, 0.0, 1.0, 1.0, 1.0, 1.0], fitness: 15992.0
best fitness so far: 15992.0
Execution time of iteration: 1.9219658374786377 seconds
 
iteration number 14: 
best bee => data: [0.0, 0.0, 0, 0.0, 0.0, 1.0, 0, 1, 1, 1, 1.0, 0.0, 1.0, 1.0, 1.0, 1.0, 1.0, 0.0, 0.0, 0.0, 0.0, 1.0, 1, 0.0, 1.0, 1.0, 1.0, 0.0, 1.0, 1, 0, 1.0, 1.0, 1.0, 1.0, 1.0, 1.0, 0.0, 1.0, 1.0, 1.0, 1.0, 1.0, 1.0, 0.0, 0.0, 1.0, 1.0, 1.0, 1.0], fitness: 15992.0
best fitness so far: 15992.0
Execution time of iteration: 1.7847046852111816 seconds
 
iteration number 15: 
best bee => data: [0.0, 0.0, 0, 0.0, 0.0, 1.0, 0, 1, 1, 1, 1.0, 0.0, 1.0, 1.0, 1.0, 1.0, 1.0, 0.0, 0.0, 0.0, 0.0, 1.0, 1, 0.0, 1.0, 1.0, 1.0, 0.0, 1.0, 1, 0, 1.0, 1.0, 1.0, 1.0, 1.0, 1.0, 0.0, 1.0, 1.0, 1.0, 1.0, 1.0, 1.0, 0.0, 0.0, 1.0, 1.0, 1.0, 1.0], fitness: 15992.0
best fitness so far: 15992.0
Execution time of iteration: 2.1647250652313232 seconds
 
iteration number 16: 
best bee => data: [0.0, 0.0, 0, 0.0, 0.0, 1.0, 0, 1, 1, 1, 1.0, 0.0, 1.0, 1.0, 1.0, 1.0, 1.0, 0.0, 0.0, 0.0, 0.0, 1.0, 1, 0.0, 1.0, 1.0, 1.0, 0.0, 1.0, 1, 0, 1.0, 1.0, 1.0, 1.0, 1.0, 1.0, 0.0, 1.0, 1.0, 1.0, 1.0, 1.0, 1.0, 0.0, 0.0, 1.0, 1.0, 1.0, 1.0], fitness: 15992.0
best fitness so far: 15992.0
Execution time of iteration: 2.1395843029022217 seconds
 
iteration number 17: 
best bee => data: [0.0, 0.0, 0, 0.0, 0.0, 1.0, 0, 1, 1, 1, 1.0, 0.0, 1.0, 1.0, 1.0, 1.0, 1.0, 0.0, 0.0, 0.0, 0.0, 1.0, 1, 0.0, 1.0, 1.0, 1.0, 0.0, 1.0, 1, 0, 1.0, 1.0, 1.0, 1.0, 1.0, 1.0, 0.0, 1.0, 1.0, 1.0, 1.0, 1.0, 1.0, 0.0, 0.0, 1.0, 1.0, 1.0, 1.0], fitness: 15992.0
best fitness so far: 15992.0
Execution time of iteration: 1.9975574016571045 seconds
 
iteration number 18: 
best bee => data: [0.0, 0.0, 0, 0.0, 0.0, 1.0, 0, 1, 1, 1, 1.0, 0.0, 1.0, 1.0, 1.0, 1.0, 1.0, 0.0, 0.0, 0.0, 0.0, 1.0, 1, 0.0, 1.0, 1.0, 1.0, 0.0, 1.0, 1, 0, 1.0, 1.0, 1.0, 1.0, 1.0, 1.0, 0.0, 1.0, 1.0, 1.0, 1.0, 1.0, 1.0, 0.0, 0.0, 1.0, 1.0, 1.0, 1.0], fitness: 15992.0
best fitness so far: 15992.0
Execution time of iteration: 2.2148561477661133 seconds
 
iteration number 19: 
best bee => data: [0.0, 0.0, 0, 0.0, 0.0, 1.0, 0, 1, 1, 1, 1.0, 0.0, 1.0, 1.0, 1.0, 1.0, 1.0, 0.0, 0.0, 0.0, 0.0, 1.0, 1, 0.0, 1.0, 1.0, 1.0, 0.0, 1.0, 1, 0, 1.0, 1.0, 1.0, 1.0, 1.0, 1.0, 0.0, 1.0, 1.0, 1.0, 1.0, 1.0, 1.0, 0.0, 0.0, 1.0, 1.0, 1.0, 1.0], fitness: 15992.0
best fitness so far: 15992.0
Execution time of iteration: 2.0580942630767822 seconds
 
iteration number 20: 
best bee => data: [0.0, 0.0, 0, 0.0, 0.0, 1.0, 0, 1, 1, 1, 1.0, 0.0, 1.0, 1.0, 1.0, 1.0, 1.0, 0.0, 0.0, 0.0, 0.0, 1.0, 1, 0.0, 1.0, 1.0, 1.0, 0.0, 1.0, 1, 0, 1.0, 1.0, 1.0, 1.0, 1.0, 1.0, 0.0, 1.0, 1.0, 1.0, 1.0, 1.0, 1.0, 0.0, 0.0, 1.0, 1.0, 1.0, 1.0], fitness: 15992.0
best fitness so far: 15992.0
Execution time of iteration: 2.107714891433716 seconds
 
iteration number 21: 
best bee => data: [0.0, 0.0, 0, 0.0, 0.0, 1.0, 0, 1, 1, 1, 1.0, 0.0, 1.0, 1.0, 1.0, 1.0, 1.0, 0.0, 0.0, 0.0, 0.0, 1.0, 1, 0.0, 1.0, 1.0, 1.0, 0.0, 1.0, 1, 0, 1.0, 1.0, 1.0, 1.0, 1.0, 1.0, 0.0, 1.0, 1.0, 1.0, 1.0, 1.0, 1.0, 0.0, 0.0, 1.0, 1.0, 1.0, 1.0], fitness: 15992.0
best fitness so far: 15992.0
Execution time of iteration: 2.100074529647827 seconds
 
iteration number 22: 
best bee => data: [0.0, 0.0, 0, 0.0, 0.0, 1.0, 0, 1, 1, 1, 1.0, 0.0, 1.0, 1.0, 1.0, 1.0, 1.0, 0.0, 0.0, 0.0, 0.0, 1.0, 1, 0.0, 1.0, 1.0, 1.0, 0.0, 1.0, 1, 0, 1.0, 1.0, 1.0, 1.0, 1.0, 1.0, 0.0, 1.0, 1.0, 1.0, 1.0, 1.0, 1.0, 0.0, 0.0, 1.0, 1.0, 1.0, 1.0], fitness: 15992.0
best fitness so far: 15992.0
Execution time of iteration: 2.2392663955688477 seconds
 
iteration number 23: 
best bee => data: [1.0, 0.0, 1.0, 0, 0.0, 1.0, 1, 0.0, 1.0, 0, 1.0, 1.0, 1.0, 0.0, 1.0, 1.0, 1.0, 0.0, 1, 0.0, 0.0, 0.0, 1.0, 0.0, 0.0, 1, 0.0, 0.0, 1.0, 1.0, 1, 1.0, 0.0, 0.0, 1.0, 0.0, 1.0, 1.0, 0.0, 1.0, 1, 1.0, 1.0, 0.0, 0.0, 1.0, 1.0, 1.0, 0.0, 1.0], fitness: 16006.0
best fitness so far: 16006.0
Execution time of iteration: 2.1137919425964355 seconds
 
iteration number 24: 
best bee => data: [1.0, 0.0, 1.0, 0, 0.0, 1.0, 1, 0.0, 1.0, 0, 1.0, 1.0, 1.0, 0.0, 1.0, 1.0, 1.0, 0.0, 1, 0.0, 0.0, 0.0, 1.0, 0.0, 0.0, 1, 0.0, 0.0, 1.0, 1.0, 1, 1.0, 0.0, 0.0, 1.0, 0.0, 1.0, 1.0, 0.0, 1.0, 1, 1.0, 1.0, 0.0, 0.0, 1.0, 1.0, 1.0, 0.0, 1.0], fitness: 16006.0
best fitness so far: 16006.0
Execution time of iteration: 2.14780330657959 seconds
 
iteration number 25: 
best bee => data: [1.0, 0.0, 1.0, 0, 0.0, 1.0, 1, 0.0, 1.0, 0, 1.0, 1.0, 1.0, 0.0, 1.0, 1.0, 1.0, 0.0, 1, 0.0, 0.0, 0.0, 1.0, 0.0, 0.0, 1, 0.0, 0.0, 1.0, 1.0, 1, 1.0, 0.0, 0.0, 1.0, 0.0, 1.0, 1.0, 0.0, 1.0, 1, 1.0, 1.0, 0.0, 0.0, 1.0, 1.0, 1.0, 0.0, 1.0], fitness: 16006.0
best fitness so far: 16006.0
Execution time of iteration: 1.980696439743042 seconds
 
iteration number 26: 
best bee => data: [1.0, 0.0, 1.0, 0, 0.0, 1.0, 1, 0.0, 1.0, 0, 1.0, 1.0, 1.0, 0.0, 1.0, 1.0, 1.0, 0.0, 1, 0.0, 0.0, 0.0, 1.0, 0.0, 0.0, 1, 0.0, 0.0, 1.0, 1.0, 1, 1.0, 0.0, 0.0, 1.0, 0.0, 1.0, 1.0, 0.0, 1.0, 1, 1.0, 1.0, 0.0, 0.0, 1.0, 1.0, 1.0, 0.0, 1.0], fitness: 16006.0
best fitness so far: 16006.0
Execution time of iteration: 1.9153940677642822 seconds
 
iteration number 27: 
best bee => data: [0.0, 0.0, 0, 0.0, 0.0, 1.0, 0, 1, 1, 1, 1.0, 0.0, 1.0, 1.0, 1.0, 1.0, 1.0, 0.0, 0.0, 0.0, 0.0, 1.0, 1, 0.0, 1.0, 1.0, 1.0, 0.0, 1.0, 1, 1, 1.0, 1.0, 1.0, 1.0, 1.0, 1.0, 0.0, 1.0, 1.0, 1.0, 1.0, 1.0, 1.0, 0.0, 0.0, 1.0, 1.0, 1.0, 1.0], fitness: 16041.0
best fitness so far: 16041.0
Execution time of iteration: 2.1273679733276367 seconds
 
iteration number 28: 
best bee => data: [0.0, 0.0, 0, 0.0, 0.0, 1.0, 0, 1, 1, 1, 1.0, 0.0, 1.0, 1.0, 1.0, 1.0, 1.0, 0.0, 0.0, 0.0, 0.0, 1.0, 1, 0.0, 1.0, 1.0, 1.0, 0.0, 1.0, 1, 1, 1.0, 1.0, 1.0, 1.0, 1.0, 1.0, 0.0, 1.0, 1.0, 1.0, 1.0, 1.0, 1.0, 0.0, 0.0, 1.0, 1.0, 1.0, 1.0], fitness: 16041.0
best fitness so far: 16041.0
Execution time of iteration: 2.1823110580444336 seconds
 
iteration number 29: 
best bee => data: [0.0, 0.0, 0, 0.0, 0.0, 1.0, 0, 1, 1, 1, 1.0, 0.0, 1.0, 1.0, 1.0, 1.0, 1.0, 0.0, 0.0, 0.0, 0.0, 1.0, 1, 0.0, 1.0, 1.0, 1.0, 0.0, 1.0, 1, 1, 1.0, 1.0, 1.0, 1.0, 1.0, 1.0, 0.0, 1.0, 1.0, 1.0, 1.0, 1.0, 1.0, 0.0, 0.0, 1.0, 1.0, 1.0, 1.0], fitness: 16041.0
best fitness so far: 16041.0
Execution time of iteration: 2.137253999710083 seconds
 
iteration number 30: 
best bee => data: [1.0, 0.0, 0, 1.0, 0.0, 1.0, 0, 1.0, 1.0, 1.0, 0.0, 1.0, 1.0, 0.0, 1.0, 1.0, 1.0, 0.0, 1, 1.0, 0.0, 0.0, 0.0, 0.0, 1, 1.0, 0.0, 0.0, 1, 1, 1, 1.0, 0.0, 0.0, 1, 0.0, 1.0, 1.0, 1.0, 1.0, 1.0, 1.0, 1.0, 1.0, 0.0, 0, 1.0, 1.0, 1.0, 1.0], fitness: 16086.0
best fitness so far: 16086.0
Execution time of iteration: 2.2057602405548096 seconds
 
iteration number 31: 
best bee => data: [1.0, 0.0, 0, 1.0, 0.0, 1.0, 0, 1.0, 1.0, 1.0, 0.0, 1.0, 1.0, 0.0, 1.0, 1.0, 1.0, 0.0, 1, 1.0, 0.0, 0.0, 0.0, 0.0, 1, 1.0, 0.0, 0.0, 1, 1, 1, 1.0, 0.0, 0.0, 1, 0.0, 1.0, 1.0, 1.0, 1.0, 1.0, 1.0, 1.0, 1.0, 0.0, 0, 1.0, 1.0, 1.0, 1.0], fitness: 16086.0
best fitness so far: 16086.0
Execution time of iteration: 2.0696046352386475 seconds
 
iteration number 32: 
best bee => data: [1.0, 0.0, 0, 1.0, 0.0, 1.0, 0, 1.0, 1.0, 1.0, 0.0, 1.0, 1.0, 0.0, 1.0, 1.0, 1.0, 0.0, 1, 1.0, 0.0, 0.0, 0.0, 0.0, 1, 1.0, 0.0, 0.0, 1, 1, 1, 1.0, 0.0, 0.0, 1, 0.0, 1.0, 1.0, 1.0, 1.0, 1.0, 1.0, 1.0, 1.0, 0.0, 0, 1.0, 1.0, 1.0, 1.0], fitness: 16086.0
best fitness so far: 16086.0
Execution time of iteration: 1.6546745300292969 seconds
 
iteration number 33: 
best bee => data: [1.0, 0.0, 0, 1.0, 0.0, 1.0, 0, 1.0, 1.0, 1.0, 0.0, 1.0, 1.0, 0.0, 1.0, 1.0, 1.0, 0.0, 1, 1.0, 0.0, 0.0, 0.0, 0.0, 1, 1.0, 0.0, 0.0, 1, 1, 1, 1.0, 0.0, 0.0, 1, 0.0, 1.0, 1.0, 1.0, 1.0, 1.0, 1.0, 1.0, 1.0, 0.0, 0, 1.0, 1.0, 1.0, 1.0], fitness: 16086.0
best fitness so far: 16086.0
Execution time of iteration: 2.0000998973846436 seconds
 
iteration number 34: 
best bee => data: [1.0, 0.0, 0, 1.0, 0.0, 1.0, 0, 1.0, 1.0, 1.0, 0.0, 1.0, 1.0, 0.0, 1.0, 1.0, 1.0, 0.0, 1, 1.0, 0.0, 0.0, 0.0, 0.0, 1, 1.0, 0.0, 0.0, 1, 1, 1, 1.0, 0.0, 0.0, 1, 0.0, 1.0, 1.0, 1.0, 1.0, 1.0, 1.0, 1.0, 1.0, 0.0, 0, 1.0, 1.0, 1.0, 1.0], fitness: 16086.0
best fitness so far: 16086.0
Execution time of iteration: 2.158966541290283 seconds
 
iteration number 35: 
best bee => data: [1.0, 0.0, 0, 1.0, 0.0, 1.0, 0, 1.0, 1.0, 1.0, 0.0, 1.0, 1.0, 0.0, 1.0, 1.0, 1.0, 0.0, 1, 1.0, 0.0, 0.0, 0.0, 0.0, 1, 1.0, 0.0, 0.0, 1, 1, 1, 1.0, 0.0, 0.0, 1, 0.0, 1.0, 1.0, 1.0, 1.0, 1.0, 1.0, 1.0, 1.0, 0.0, 0, 1.0, 1.0, 1.0, 1.0], fitness: 16086.0
best fitness so far: 16086.0
Execution time of iteration: 2.1311328411102295 seconds
 
iteration number 36: 
best bee => data: [1.0, 0.0, 0, 1.0, 0.0, 1.0, 0, 1.0, 1.0, 1.0, 0.0, 1.0, 1.0, 0.0, 1.0, 1.0, 1.0, 0.0, 1, 1.0, 0.0, 0.0, 0.0, 0.0, 1, 1.0, 0.0, 0.0, 1, 1, 1, 1.0, 0.0, 0.0, 1, 0.0, 1.0, 1.0, 1.0, 1.0, 1.0, 1.0, 1.0, 1.0, 0.0, 0, 1.0, 1.0, 1.0, 1.0], fitness: 16086.0
best fitness so far: 16086.0
Execution time of iteration: 2.3192930221557617 seconds
 
iteration number 37: 
best bee => data: [1.0, 0.0, 0, 1.0, 0.0, 1.0, 0, 1.0, 1.0, 1.0, 0.0, 1.0, 1.0, 0.0, 1.0, 1.0, 1.0, 0.0, 1, 1.0, 0.0, 0.0, 0.0, 0.0, 1, 1.0, 0.0, 0.0, 1, 1, 1, 1.0, 0.0, 0.0, 1, 0.0, 1.0, 1.0, 1.0, 1.0, 1.0, 1.0, 1.0, 1.0, 0.0, 0, 1.0, 1.0, 1.0, 1.0], fitness: 16086.0
best fitness so far: 16086.0
Execution time of iteration: 1.960604190826416 seconds
 
iteration number 38: 
best bee => data: [0.0, 0.0, 1.0, 1.0, 0.0, 1.0, 1.0, 1.0, 1.0, 0.0, 1.0, 0.0, 1, 0, 1.0, 1.0, 1.0, 0.0, 0.0, 0, 0, 1.0, 0.0, 0.0, 0.0, 0.0, 1.0, 1.0, 1, 0.0, 1.0, 1.0, 1.0, 0.0, 1.0, 0, 0.0, 1.0, 1, 1.0, 1.0, 1.0, 1.0, 1.0, 1.0, 0.0, 1.0, 1.0, 1.0, 1.0], fitness: 16317.0
best fitness so far: 16317.0
Execution time of iteration: 2.136777400970459 seconds
 
iteration number 39: 
best bee => data: [0.0, 0.0, 1.0, 1.0, 0.0, 1.0, 1.0, 1.0, 1.0, 0.0, 1.0, 0.0, 1, 0, 1.0, 1.0, 1.0, 0.0, 0.0, 0, 0, 1.0, 0.0, 0.0, 0.0, 0.0, 1.0, 1.0, 1, 0.0, 1.0, 1.0, 1.0, 0.0, 1.0, 0, 0.0, 1.0, 1, 1.0, 1.0, 1.0, 1.0, 1.0, 1.0, 0.0, 1.0, 1.0, 1.0, 1.0], fitness: 16317.0
best fitness so far: 16317.0
Execution time of iteration: 2.346540689468384 seconds
 
iteration number 40: 
best bee => data: [0.0, 0.0, 1.0, 1.0, 0.0, 1.0, 1.0, 1.0, 1.0, 0.0, 1.0, 0.0, 1, 0, 1.0, 1.0, 1.0, 0.0, 0.0, 0, 0, 1.0, 0.0, 0.0, 0.0, 0.0, 1.0, 1.0, 1, 0.0, 1.0, 1.0, 1.0, 0.0, 1.0, 0, 0.0, 1.0, 1, 1.0, 1.0, 1.0, 1.0, 1.0, 1.0, 0.0, 1.0, 1.0, 1.0, 1.0], fitness: 16317.0
best fitness so far: 16317.0
Execution time of iteration: 2.3778302669525146 seconds
 
iteration number 41: 
best bee => data: [0.0, 0.0, 1.0, 1.0, 0.0, 1.0, 1.0, 1.0, 1.0, 0.0, 1.0, 0.0, 1, 0, 1.0, 1.0, 1.0, 0.0, 0.0, 0, 0, 1.0, 0.0, 0.0, 0.0, 0.0, 1.0, 1.0, 1, 0.0, 1.0, 1.0, 1.0, 0.0, 1.0, 0, 0.0, 1.0, 1, 1.0, 1.0, 1.0, 1.0, 1.0, 1.0, 0.0, 1.0, 1.0, 1.0, 1.0], fitness: 16317.0
best fitness so far: 16317.0
Execution time of iteration: 2.131466865539551 seconds
 
iteration number 42: 
best bee => data: [0.0, 0.0, 1.0, 1.0, 0.0, 1.0, 1.0, 1.0, 1.0, 0.0, 1.0, 0.0, 1, 0, 1.0, 1.0, 1.0, 0.0, 0.0, 0, 0, 1.0, 0.0, 0.0, 0.0, 0.0, 1.0, 1.0, 1, 0.0, 1.0, 1.0, 1.0, 0.0, 1.0, 0, 0.0, 1.0, 1, 1.0, 1.0, 1.0, 1.0, 1.0, 1.0, 0.0, 1.0, 1.0, 1.0, 1.0], fitness: 16317.0
best fitness so far: 16317.0
Execution time of iteration: 1.9700937271118164 seconds
 
iteration number 43: 
best bee => data: [0.0, 0.0, 1.0, 1.0, 0.0, 1.0, 1.0, 1.0, 1.0, 0.0, 1.0, 0.0, 1, 0, 1.0, 1.0, 1.0, 0.0, 0.0, 0, 0, 1.0, 0.0, 0.0, 0.0, 0.0, 1.0, 1.0, 1, 0.0, 1.0, 1.0, 1.0, 0.0, 1.0, 0, 0.0, 1.0, 1, 1.0, 1.0, 1.0, 1.0, 1.0, 1.0, 0.0, 1.0, 1.0, 1.0, 1.0], fitness: 16317.0
best fitness so far: 16317.0
Execution time of iteration: 1.5987107753753662 seconds
 
iteration number 44: 
best bee => data: [0.0, 0.0, 1.0, 1.0, 0.0, 1.0, 1.0, 1.0, 1.0, 0.0, 1.0, 0.0, 1, 0, 1.0, 1.0, 1.0, 0.0, 0.0, 0, 0, 1.0, 0.0, 0.0, 0.0, 0.0, 1.0, 1.0, 1, 0.0, 1.0, 1.0, 1.0, 0.0, 1.0, 0, 0.0, 1.0, 1, 1.0, 1.0, 1.0, 1.0, 1.0, 1.0, 0.0, 1.0, 1.0, 1.0, 1.0], fitness: 16317.0
best fitness so far: 16317.0
Execution time of iteration: 1.9610636234283447 seconds
 
iteration number 45: 
best bee => data: [0.0, 0.0, 1.0, 1.0, 0.0, 1.0, 1.0, 1.0, 1.0, 0.0, 1.0, 0.0, 1, 0, 1.0, 1.0, 1.0, 0.0, 0.0, 0, 0, 1.0, 0.0, 0.0, 0.0, 0.0, 1.0, 1.0, 1, 0.0, 1.0, 1.0, 1.0, 0.0, 1.0, 0, 0.0, 1.0, 1, 1.0, 1.0, 1.0, 1.0, 1.0, 1.0, 0.0, 1.0, 1.0, 1.0, 1.0], fitness: 16317.0
best fitness so far: 16317.0
Execution time of iteration: 1.9150185585021973 seconds
 
iteration number 46: 
best bee => data: [0.0, 0.0, 1.0, 1.0, 0.0, 1.0, 1.0, 1.0, 1.0, 0.0, 1.0, 0.0, 1, 0, 1.0, 1.0, 1.0, 0.0, 0.0, 0, 0, 1.0, 0.0, 0.0, 0.0, 0.0, 1.0, 1.0, 1, 0.0, 1.0, 1.0, 1.0, 0.0, 1.0, 0, 0.0, 1.0, 1, 1.0, 1.0, 1.0, 1.0, 1.0, 1.0, 0.0, 1.0, 1.0, 1.0, 1.0], fitness: 16317.0
best fitness so far: 16317.0
Execution time of iteration: 1.9592506885528564 seconds
 
FINAL RESULT 
 
the best final Bee => 
data: [0.0, 0.0, 1.0, 1.0, 0.0, 1.0, 1.0, 1.0, 1.0, 0.0, 1.0, 0.0, 1, 0, 1.0, 1.0, 1.0, 0.0, 0.0, 0, 0, 1.0, 0.0, 0.0, 0.0, 0.0, 1.0, 1.0, 1, 0.0, 1.0, 1.0, 1.0, 0.0, 1.0, 0, 0.0, 1.0, 1, 1.0, 1.0, 1.0, 1.0, 1.0, 1.0, 0.0, 1.0, 1.0, 1.0, 1.0], fitness: 16317.0 
the average fitness of all: 16034.021739130434 
 
Execution time of all: 101.55504584312439 seconds 
 
------------------------ 
COMPARE ANSWER 
 
real answer = 16537.0
my answer = 16317.0 
gap = 220.0
gap percent = 1.3303501239644433
 
------------------------ 
PARAMETERS 
 
Number of Employed Bees = 1000
Number of Onlooker Bees = 100
Max improvement try = 50
cross_over type = one_point
Probblity of cross-over = 0.7
Probblity of mutation = 2
K tournoment percent = 0.1
Precedure Type = Roulette Wheel
Number of ABC algorithm's iterations = 47
Limited Time = 100